.Random.seed <-
c(403L, 10L, 1668247589L, -2122055460L, -1148557646L, 753895853L, 
-445088409L, 1253190286L, -2108804248L, -91427989L, 1507120393L, 
1307749272L, 573123270L, 327028769L, 311088307L, 923125282L, 
-1187186668L, -978944873L, 2007881357L, -701712476L, 18262410L, 
216012277L, 60557391L, 1334026070L, -1067420160L, 1566820163L, 
617389793L, -829490096L, -533347154L, 631726169L, 1018953835L, 
-408341030L, 437558940L, -685985633L, -1608103179L, -131180660L, 
852588130L, 1327876669L, 650736823L, 1742842718L, 1619299992L, 
-1885442565L, 2033528729L, -213186520L, 1908928726L, 1387181393L, 
633988099L, -1509553262L, -1498126044L, -1196871705L, 809382973L, 
-1334443340L, -1862364902L, -1691491739L, 970868479L, -95077498L, 
533241104L, -1944644173L, -1852062127L, -1811831296L, -974200098L, 
-1152388823L, 154721499L, -1342444566L, 851884940L, 1362459855L, 
-206035835L, 617279292L, 1735716370L, -1001951987L, -1225935289L, 
1665952814L, 1707405704L, 750397579L, 968639081L, -1840562632L, 
-553625882L, 1438708353L, -793084397L, 1517881794L, -92298636L, 
1546372215L, 1917488493L, 1212789252L, -1249406678L, -638138731L, 
-2102022865L, -2000840650L, -2006930336L, 705839779L, -3639871L, 
-79773264L, -631463730L, -305054151L, -1434877877L, -527420934L, 
1129868540L, -504626881L, 816774677L, 459685164L, -218460670L, 
-1680829219L, 1875480535L, 1594485438L, 799010040L, -82029861L, 
-1322448583L, 180309128L, -386024394L, -825554831L, 1503443619L, 
-1044602894L, 1421030212L, 617913351L, 1852422621L, -1648621868L, 
1871423994L, -600472251L, 1865961887L, -1853263066L, -939766864L, 
942979155L, -1348684943L, -1854324064L, -1600440770L, -291553975L, 
-2003041285L, 965437386L, -1638606548L, 565179695L, 1929903077L, 
-1045118308L, 726632178L, -371386515L, -1126178649L, -1915002162L, 
-480473048L, 1030269995L, -465396151L, -1388193960L, 787694086L, 
-1832129567L, 548866419L, -1728239134L, -145142444L, -194714537L, 
1665714253L, -358102044L, -2057524790L, -993382347L, 998125199L, 
1204027286L, 12026688L, -101110269L, -1630129119L, -799787248L, 
1580051694L, -1463749479L, 2033049899L, -1157130214L, -1738992932L, 
-1912352033L, -1673818955L, -1872369076L, 2023855778L, 179207677L, 
447649527L, -1117716450L, -1459350824L, -1943292357L, 776668121L, 
-1982860952L, -1053456234L, 1533691409L, -2115174461L, -231291950L, 
2058796644L, 209440167L, -2045877507L, 526604020L, 1655210458L, 
45008165L, -716520385L, 434009030L, 206397520L, 2093960307L, 
-1169137519L, 1057046720L, -528995682L, 692479593L, 2031933083L, 
874658730L, 551067596L, -1749921137L, 963640005L, 1903071868L, 
552517330L, -220063155L, 323122951L, -52585746L, -1953640504L, 
144167115L, 1742549289L, 879855992L, 1562893990L, -73561919L, 
405799251L, 1200811522L, 1508554548L, -962775881L, -45357907L, 
1703920068L, -1890852374L, 1393065557L, 1657786351L, -1807613962L, 
-267601632L, 2073360099L, 1438093185L, 486431216L, 601000078L, 
-453316615L, 2071872907L, -1594973766L, 1325949116L, 811615231L, 
475631957L, 1181502060L, -715088190L, 1202592314L, 870858192L, 
-1828279956L, -624327756L, -942254062L, -1854573088L, -1121040436L, 
2034884832L, 2101483554L, -694001368L, 2074615308L, -1164368068L, 
872268786L, -1044276496L, -1574973884L, 1743405656L, 1216401210L, 
872867312L, 65885884L, -1155548908L, 118702786L, -1365248928L, 
-1817705604L, -23980080L, 1731125538L, 1260812968L, -452519028L, 
-493045572L, 1326706482L, 1019390528L, 940342452L, 2105877064L, 
-337812038L, 1778123280L, 685830892L, -673373868L, 990986514L, 
-395817568L, 1301783244L, 1803034208L, 39090114L, 2089346856L, 
90075052L, -1070472388L, 63220082L, 1275624240L, -1843892956L, 
1280486200L, 693837530L, 1298573200L, -425963780L, 1884597140L, 
298065986L, 2017809664L, 1262912572L, 321044816L, -790163294L, 
1406951752L, -93055220L, 1629733596L, 476605778L, 1792558208L, 
740073556L, -1411936280L, -541284102L, -91772080L, 844201772L, 
1979492724L, -542446702L, -1309005728L, 723668364L, -672769184L, 
927087074L, 584741800L, -2139343668L, -1526136836L, -433986126L, 
-1101892112L, -1367405628L, -1275681448L, 613964154L, -1628372048L, 
-1259828804L, 1647458388L, -922404926L, 2122461216L, -1135986500L, 
-1214344624L, -926436382L, 1222770792L, -591412148L, 1080924412L, 
-988410894L, 1270663424L, 1166360948L, 521268232L, 596082618L, 
-135319088L, -647070740L, 778838420L, 432935378L, -1020948128L, 
1750650700L, 1492080928L, -837337214L, -560484632L, -785858324L, 
870691900L, 875740018L, 1962163824L, 356389924L, -1380693192L, 
1990962330L, 1198658256L, 1858535612L, 494874260L, 207992450L, 
915032256L, -1753898180L, -2030674800L, -1728315870L, 1636356104L, 
-2061296372L, 239709340L, -150700526L, -907444352L, -472199660L, 
-511104472L, 112325946L, 1222003152L, 1860449388L, 1174120756L, 
-939845998L, 664603488L, -738397364L, -591415328L, -173926494L, 
905119656L, 1470344588L, 2051049660L, 191334770L, 763499760L, 
-857460668L, 1581949272L, 87434810L, 1201109872L, -1401210820L, 
1422778132L, 307258818L, -2114356512L, 2100270972L, 16441040L, 
-442935134L, 2059602984L, 585688332L, 156690364L, 813328690L, 
1461021120L, -2080257484L, 404364232L, -1311917894L, 1270229392L, 
422859244L, -1795472812L, 1862660242L, 1890627360L, -245732916L, 
534746592L, 1559656130L, 1694721064L, -1464913236L, -1527454532L, 
-1771836942L, 1557672240L, 1279988900L, -2130835784L, -1420083878L, 
-997460592L, 545477500L, -1831442156L, -2006514878L, -1198400768L, 
1225553852L, -24846512L, -1681636574L, -349545144L, -1563497972L, 
-989902756L, 790920402L, -1150969344L, 1383198036L, 295737832L, 
89787386L, -841531184L, 1938918700L, 764682996L, 1004837266L, 
1401599072L, -933190388L, -808381728L, 339855714L, -387933528L, 
1903755852L, 344846716L, 1162200370L, -936218512L, 72550212L, 
1937931736L, -1109750662L, -2095206864L, -456226116L, -2120179884L, 
665293890L, 833584544L, -1753462084L, -1477330480L, 2058812770L, 
-334008344L, 1743390668L, 841043708L, 1320788466L, 1707280512L, 
182682868L, -173177208L, 1519966010L, -1599278256L, -789354900L, 
-1385540685L, 785101589L, 2020625778L, -1259294272L, 51356201L, 
-583113061L, 531640172L, 1073788794L, -728936273L, -1498223687L, 
-1132855858L, -1429952228L, -2085151603L, -1732341513L, 324213760L, 
1032461918L, -1907130069L, 434954797L, -1269931366L, -1593041320L, 
-1768152639L, -1594053005L, 563456916L, -1654349278L, -140989129L, 
1991724033L, 532148486L, -217017020L, -1886046091L, 623286751L, 
-1526749896L, 1166358294L, 475084579L, 1272005861L, -1070006014L, 
-537857168L, -795284711L, -1292137717L, -2071406596L, 897463338L, 
-1643947937L, 2070122473L, -389844738L, -1520131860L, -1488665539L, 
459421703L, 1671971824L, 1438257038L, -2079552069L, 1708682141L, 
581431626L, 960600424L, -1002434735L, 683707459L, -231451324L, 
1237317106L, 165609415L, 452772241L, 995652886L, 668306804L, 
-510555131L, 1295187023L, -1372352440L, -1422391834L, 894851859L, 
-162022283L, -1045584302L, 1296818336L, 1174124937L, -1816577605L, 
-1689086452L, -1448669286L, -288278769L, 1095249241L, 1351469038L, 
-1945883012L, 676206317L, -2117246569L, 765733472L, -1195581378L, 
-386586357L, -754734195L, 1274603706L, 877899512L, 662037665L, 
1387708499L, 1649404788L, -1052337918L, 1059666327L, 1927291745L, 
926021542L, 234607012L, 1349814357L, 43785471L, -1935302248L, 
329235126L, -441527485L, -1879519611L, 585433890L, 1923987472L, 
-175045703L, -838769557L, -1388005540L, 1263111818L, 438819455L, 
-1727609911L, 1459642462L, 1846903564L, -832328995L, 1235043303L, 
-901277680L, -939166418L, -2104964645L, 2095287997L, -1019773910L, 
77331656L, -131458575L, 1219942243L, 70717284L, -1683659118L, 
778748775L, 373910833L, 634570358L, 210876308L, 1970914213L, 
-1304693585L, 1493936488L, -58633914L, -1228658445L, 1304868437L, 
-587736526L, 46360576L, 1971715305L, 1285061467L, 549232044L, 
-1319303750L, 1599849327L, 1267176697L, -1936914034L, 103545948L, 
-642462003L, 261581367L, 1954619584L, 671297438L, -1613499285L, 
305189869L, 1981642330L, 893860120L, -2069100927L, -929981389L, 
